0 0.050049 0.637695 0.062012 0.129557
0 0.112305 0.643880 0.062500 0.088542
1 0.169922 0.541016 0.047852 0.089844
1 0.190430 0.590495 0.067383 0.105469
1 0.220703 0.512695 0.059570 0.108724
1 0.256836 0.587240 0.040039 0.186198
1 0.275391 0.754557 0.052734 0.089844
0 0.383789 0.494141 0.047852 0.145833
0 0.428467 0.546875 0.068848 0.240885
0 0.462646 0.607747 0.085449 0.141276
1 0.474609 0.464193 0.082031 0.082031
1 0.521240 0.481445 0.058105 0.218099
1 0.717529 0.631510 0.034668 0.037760
1 0.747070 0.668620 0.045898 0.061198
1 0.781982 0.582357 0.036621 0.097005
1 0.816162 0.579427 0.075684 0.134115
1 0.865723 0.540365 0.067383 0.149740
1 0.941162 0.508138 0.069824 0.095703
1 0.940186 0.627279 0.072754 0.102214
1 0.981689 0.617839 0.033691 0.083333
0 0.504395 0.681315 0.045898 0.086589
