-1 0.066162 0.430403 0.046387 0.100366
-1 0.133545 0.455311 0.097168 0.126740
-1 0.229980 0.506960 0.058594 0.096703
-1 0.430664 0.682051 0.052734 0.142125
-1 0.336670 0.452015 0.073730 0.271062
-1 0.468262 0.420879 0.081055 0.185348
-1 0.508057 0.516484 0.057129 0.199267
-1 0.554688 0.671795 0.075195 0.115751
-1 0.716553 0.695238 0.063965 0.303297
-1 0.751709 0.871429 0.049316 0.085714
-1 0.755127 0.528205 0.057129 0.180220
-1 0.896729 0.540293 0.089355 0.219048
0 0.981689 0.584982 0.034668 0.208791
