0 0.013428 0.312088 0.025879 0.259341
0 0.052490 0.470330 0.064941 0.209524
0 0.186035 0.560806 0.053711 0.093040
0 0.141602 0.446886 0.060547 0.124542
0 0.205078 0.404029 0.044922 0.103297
0 0.305908 0.559341 0.079590 0.331868
0 0.363037 0.508059 0.084473 0.148718
1 0.440918 0.468132 0.060547 0.212454
0 0.431152 0.846520 0.043945 0.085714
0 0.525391 0.803297 0.059570 0.131136
0 0.678711 0.230403 0.083008 0.235165
0 0.641602 0.419048 0.085938 0.221245
0 0.785889 0.319048 0.111816 0.170696
0 0.796631 0.436996 0.065918 0.109158
