0 0.165039 0.611979 0.060547 0.089844
0 0.223389 0.644206 0.062012 0.177734
0 0.349854 0.658854 0.091309 0.175781
0 0.353027 0.438477 0.067383 0.152995
0 0.418945 0.496745 0.072266 0.144531
1 0.464844 0.552409 0.083008 0.074870
0 0.549316 0.346354 0.083008 0.216146
1 0.592773 0.427409 0.051758 0.082682
0 0.633789 0.546224 0.115234 0.246094
0 0.741699 0.701172 0.060547 0.115885
0 0.824707 0.663086 0.066406 0.117839
0 0.878418 0.711914 0.063477 0.117839
1 0.930176 0.902669 0.052734 0.072266
1 0.974854 0.957357 0.049316 0.082682
