0 0.022217 0.720879 0.043457 0.099634
0 0.019287 0.470330 0.035645 0.156777
0 0.060547 0.526374 0.061523 0.139927
0 0.085938 0.509158 0.051758 0.096703
1 0.211914 0.696337 0.047852 0.126740
0 0.229980 0.568498 0.068359 0.121612
0 0.287109 0.595971 0.064453 0.095971
0 0.376465 0.494139 0.051758 0.075458
0 0.373291 0.567766 0.052246 0.104029
0 0.431396 0.619414 0.065918 0.091575
0 0.450684 0.640293 0.048828 0.145055
0 0.530518 0.678388 0.104980 0.133333
0 0.678711 0.330037 0.083008 0.169231
0 0.707520 0.454945 0.053711 0.149451
0 0.751221 0.540659 0.064941 0.142125
0 0.821777 0.493407 0.063477 0.185348
0 0.842529 0.629670 0.096191 0.138462
0 0.909424 0.607692 0.056152 0.109158
