-1 0.079590 0.468099 0.083984 0.122396
-1 0.038574 0.564453 0.059570 0.115885
0 0.136475 0.621419 0.098145 0.207682
-1 0.243652 0.660482 0.089844 0.162109
-1 0.262207 0.536133 0.103516 0.083984
-1 0.282959 0.454753 0.065918 0.078776
-1 0.374268 0.477865 0.052246 0.115885
-1 0.391113 0.590820 0.061523 0.119141
-1 0.431396 0.531576 0.049316 0.116536
-1 0.420898 0.720378 0.056641 0.145182
-1 0.394775 0.683594 0.054199 0.108073
-1 0.523926 0.434245 0.060547 0.110677
-1 0.512451 0.574870 0.092285 0.203125
-1 0.562012 0.591146 0.039062 0.083333
-1 0.725342 0.543945 0.069824 0.143880
-1 0.811279 0.362305 0.097168 0.179036
-1 0.857666 0.402018 0.077637 0.094401
-1 0.857178 0.489583 0.075684 0.165365
-1 0.944580 0.466471 0.086426 0.171224
-1 0.984619 0.339518 0.030762 0.078776
