-1 0.373535 0.382051 0.163086 0.314286
-1 0.523438 0.561905 0.080078 0.224176
-1 0.485352 0.502930 0.119141 0.217582
-1 0.719971 0.616117 0.143066 0.249084
-1 0.915283 0.363370 0.067871 0.126007
-1 0.984863 0.571795 0.026367 0.166300
-1 0.855957 0.670330 0.131836 0.360440
-1 0.767090 0.773993 0.049805 0.113553
-1 0.037354 0.451648 0.073730 0.371429
-1 0.236328 0.491209 0.083008 0.232234
-1 0.156006 0.396703 0.135254 0.265934
-1 0.158203 0.257875 0.088867 0.142125
-1 0.241943 0.302198 0.064941 0.182418
-1 0.972656 0.498535 0.041992 0.151648
0 0.117676 0.539927 0.075195 0.183150
