-1 0.036621 0.535156 0.070312 0.182292
-1 0.185547 0.512370 0.070312 0.069010
-1 0.209961 0.587891 0.058594 0.144531
-1 0.472656 0.375977 0.083008 0.142578
-1 0.514648 0.398763 0.049805 0.103516
-1 0.506348 0.511068 0.040039 0.067708
-1 0.561768 0.556966 0.095215 0.104818
-1 0.601074 0.611979 0.060547 0.126302
-1 0.698730 0.471354 0.083984 0.157552
-1 0.699951 0.651367 0.046387 0.104818
-1 0.740967 0.527995 0.068848 0.109375
0 0.803467 0.520182 0.056152 0.131510
-1 0.872559 0.497396 0.080078 0.122396
-1 0.968750 0.472982 0.061523 0.072266
-1 0.980225 0.633464 0.037598 0.127604
-1 0.102295 0.526367 0.037598 0.063151
-1 0.063477 0.581055 0.038086 0.070964
