0 0.094971 0.430403 0.063965 0.158974
0 0.136963 0.472527 0.051270 0.096703
0 0.163574 0.533700 0.041016 0.094505
0 0.196533 0.504396 0.041504 0.148718
0 0.235596 0.465568 0.068848 0.204396
0 0.289551 0.523077 0.047852 0.147985
0 0.194580 0.665934 0.031738 0.071795
0 0.360107 0.492674 0.081543 0.139927
0 0.340088 0.627106 0.057129 0.133333
0 0.505859 0.494872 0.048828 0.129670
0 0.548584 0.598901 0.051270 0.154579
1 0.771973 0.690842 0.050781 0.101099
0 0.775879 0.535531 0.048828 0.127473
0 0.978760 0.695971 0.036621 0.063004
0 0.852539 0.592674 0.053711 0.167033
0 0.583008 0.445055 0.070312 0.229304
0 0.610352 0.605861 0.056641 0.118681
0 0.612305 0.690842 0.086914 0.177289
0 0.637939 0.538828 0.087402 0.125275
0 0.221191 0.656410 0.035156 0.048352
