0 0.134277 0.655311 0.083008 0.289377
0 0.198242 0.639560 0.061523 0.210989
0 0.310059 0.702564 0.097656 0.155311
0 0.360840 0.636630 0.081055 0.240293
0 0.422852 0.563370 0.083984 0.102564
1 0.595459 0.512088 0.101074 0.131868
0 0.678955 0.317582 0.084473 0.270330
0 0.846680 0.414286 0.107422 0.361172
0 0.936035 0.602564 0.063477 0.076923
0 0.986084 0.364103 0.025879 0.156777
0 0.673584 0.536996 0.042480 0.076190
0 0.722168 0.609158 0.056641 0.150183
0 0.751953 0.359707 0.072266 0.077656
0 0.810059 0.576190 0.108398 0.274725
0 0.754639 0.416117 0.094238 0.140659
