-1 0.104004 0.394872 0.072266 0.112821
0 0.149902 0.481685 0.071289 0.258608
-1 0.182373 0.643590 0.073730 0.230769
-1 0.228516 0.589377 0.083008 0.183883
-1 0.225098 0.430769 0.061523 0.093773
-1 0.284668 0.400733 0.122070 0.111355
-1 0.272949 0.407692 0.048828 0.283516
-1 0.443115 0.424908 0.062012 0.098168
-1 0.517822 0.486813 0.097168 0.176557
-1 0.708496 0.280952 0.077148 0.265934
-1 0.784180 0.331136 0.056641 0.115751
-1 0.796143 0.574359 0.074707 0.181685
-1 0.896240 0.676190 0.108887 0.221245
-1 0.853760 0.441026 0.082520 0.200733
-1 0.773438 0.420147 0.103516 0.098901
