1 0.089355 0.568864 0.083008 0.219048
0 0.164307 0.586081 0.071777 0.111355
0 0.218506 0.455311 0.054199 0.169231
0 0.256836 0.493407 0.063477 0.236630
0 0.323975 0.760440 0.052246 0.067399
0 0.317139 0.490842 0.085449 0.304762
0 0.466553 0.424542 0.075684 0.312821
0 0.368652 0.468498 0.085938 0.238095
0 0.493896 0.609158 0.137207 0.166300
0 0.610840 0.621612 0.091797 0.169231
0 0.562256 0.353846 0.111816 0.124542
0 0.568848 0.462271 0.072266 0.090842
0 0.642090 0.405128 0.080078 0.250549
0 0.793701 0.373260 0.066895 0.248352
