-1 0.054688 0.720513 0.075195 0.224908
-1 0.112061 0.720513 0.046387 0.150183
-1 0.160156 0.772161 0.060547 0.222711
-1 0.210449 0.680586 0.060547 0.093773
-1 0.326660 0.353480 0.084961 0.170696
-1 0.297119 0.250183 0.050293 0.062271
-1 0.329346 0.219780 0.029785 0.045421
-1 0.483154 0.230403 0.101074 0.145788
-1 0.497559 0.463004 0.072266 0.150916
-1 0.539551 0.478388 0.031250 0.070330
0 0.655762 0.293407 0.111328 0.283516
-1 0.766846 0.234799 0.079590 0.232234
-1 0.832275 0.326740 0.074707 0.180220
-1 0.893066 0.312821 0.064453 0.164103
