-1 0.212158 0.551758 0.048340 0.047526
-1 0.287842 0.481771 0.050293 0.067708
-1 0.291260 0.560872 0.072754 0.136068
-1 0.362061 0.660482 0.052246 0.133464
-1 0.451172 0.768555 0.077148 0.117839
0 0.523438 0.783854 0.067383 0.101562
-1 0.560059 0.687174 0.062500 0.113932
-1 0.568359 0.355794 0.060547 0.163411
-1 0.619141 0.463867 0.070312 0.205078
-1 0.650635 0.636068 0.069824 0.148438
-1 0.713867 0.622396 0.043945 0.108073
-1 0.755859 0.610677 0.043945 0.113281
-1 0.777588 0.474284 0.055176 0.166016
-1 0.826660 0.570964 0.086914 0.221354
-1 0.911621 0.631185 0.053711 0.081380
-1 0.938721 0.585286 0.050293 0.071615
