-1 0.027344 0.590476 0.053711 0.203663
-1 0.106201 0.676190 0.080566 0.137729
-1 0.099365 0.472161 0.083496 0.195604
-1 0.182617 0.486081 0.093750 0.249817
-1 0.226318 0.580586 0.056152 0.090110
0 0.271484 0.479121 0.083984 0.124542
-1 0.387451 0.614652 0.049316 0.114286
-1 0.437500 0.549817 0.072266 0.246886
-1 0.456055 0.811355 0.066406 0.100366
-1 0.674805 0.403663 0.088867 0.200733
-1 0.715332 0.509158 0.070312 0.213919
-1 0.791992 0.575458 0.075195 0.224908
-1 0.874023 0.611722 0.084961 0.219780
