1 0.135254 0.569231 0.046875 0.137729
1 0.164551 0.471795 0.064453 0.084982
1 0.206543 0.523443 0.026367 0.112088
0 0.236572 0.610256 0.045410 0.061538
0 0.320557 0.632601 0.048340 0.119414
0 0.475342 0.568864 0.040527 0.095971
0 0.609375 0.648352 0.035156 0.057143
0 0.695068 0.593773 0.062012 0.157509
0 0.609375 0.407692 0.069336 0.079853
1 0.644531 0.466300 0.087891 0.095971
1 0.588867 0.511722 0.043945 0.128205
1 0.635742 0.524908 0.047852 0.154579
0 0.749756 0.466667 0.057129 0.096703
0 0.812744 0.510256 0.062988 0.088645
0 0.859131 0.649817 0.047363 0.082051
0 0.913330 0.581685 0.062012 0.146520
0 0.972168 0.643590 0.052734 0.178022
