1 0.558350 0.553385 0.060059 0.134115
0 0.308350 0.513672 0.124512 0.078125
0 0.418945 0.344076 0.093750 0.080078
0 0.380859 0.456380 0.140625 0.087240
0 0.629150 0.425456 0.069824 0.082682
0 0.707031 0.483073 0.078125 0.105469
1 0.687256 0.620768 0.036621 0.097005
0 0.395264 0.571289 0.085449 0.134766
0 0.787354 0.596680 0.061035 0.081380
0 0.817871 0.360677 0.085938 0.121094
1 0.965576 0.500977 0.060059 0.120443
1 0.983154 0.628255 0.030762 0.118490
1 0.729980 0.629883 0.036133 0.083984
1 0.578857 0.597656 0.052246 0.119792
