1 0.052979 0.545788 0.032715 0.092308
0 0.094727 0.561905 0.048828 0.164103
0 0.280762 0.743956 0.041992 0.109158
0 0.321045 0.667399 0.054199 0.139194
0 0.415039 0.624908 0.105469 0.071795
0 0.473145 0.596337 0.045898 0.071795
0 0.505371 0.738095 0.072266 0.166300
0 0.400635 0.716117 0.043457 0.128205
0 0.706543 0.482418 0.066406 0.141392
1 0.736084 0.576190 0.057129 0.169231
1 0.770752 0.590110 0.059082 0.150183
0 0.822266 0.543956 0.041992 0.088645
0 0.854492 0.375458 0.096680 0.260073
0 0.899658 0.468498 0.062012 0.132601
0 0.940918 0.571795 0.053711 0.136996
0 0.980469 0.601465 0.033203 0.156777
2 0.459229 0.709158 0.040527 0.064469
