1 0.069092 0.412435 0.104004 0.094401
1 0.046387 0.562500 0.041016 0.140625
1 0.073486 0.610352 0.052246 0.177734
0 0.114990 0.751302 0.069824 0.195312
0 0.148193 0.623047 0.080566 0.131510
0 0.215332 0.763346 0.077148 0.167318
0 0.286377 0.774089 0.064941 0.143229
1 0.385742 0.617188 0.045898 0.065104
0 0.445068 0.571615 0.064941 0.180990
0 0.515869 0.568034 0.073730 0.078776
0 0.627441 0.495768 0.089844 0.198568
1 0.769287 0.647135 0.082520 0.149740
0 0.810059 0.527018 0.060547 0.145182
1 0.874023 0.575846 0.083984 0.158203
1 0.927246 0.618815 0.100586 0.123047
0 0.934082 0.480143 0.066406 0.138672
0 0.958984 0.550781 0.048828 0.085938
