-1 0.186279 0.321612 0.095215 0.131868
-1 0.259766 0.521612 0.056641 0.109890
-1 0.255371 0.636996 0.073242 0.107692
-1 0.326416 0.348352 0.199707 0.210256
-1 0.314453 0.498901 0.062500 0.250549
-1 0.407227 0.599267 0.124023 0.249084
-1 0.493164 0.596337 0.107422 0.155311
-1 0.498047 0.721612 0.044922 0.058608
0 0.588379 0.709524 0.049805 0.153114
-1 0.563965 0.505128 0.054688 0.166300
-1 0.581055 0.553114 0.040039 0.089377
-1 0.665039 0.568132 0.114258 0.372894
-1 0.890137 0.661905 0.035156 0.072527
