0 0.076416 0.412088 0.066895 0.128205
0 0.194092 0.338462 0.085449 0.096703
0 0.145996 0.434066 0.057617 0.103297
0 0.013428 0.517582 0.025879 0.053480
0 0.228271 0.491209 0.058105 0.164835
0 0.284668 0.509890 0.072266 0.123077
0 0.265625 0.549451 0.042969 0.080586
0 0.369141 0.556777 0.053711 0.127473
0 0.423828 0.580586 0.035156 0.073993
1 0.631348 0.547985 0.079102 0.155311
0 0.719727 0.578388 0.090820 0.106227
0 0.641357 0.421245 0.063965 0.105495
0 0.705566 0.428205 0.072266 0.221978
0 0.957031 0.553114 0.069336 0.153846
