1 0.072510 0.481445 0.082520 0.123047
0 0.034424 0.585286 0.062012 0.118490
0 0.133301 0.638021 0.101562 0.208333
0 0.235840 0.672526 0.076172 0.156250
0 0.253174 0.577148 0.099121 0.134766
0 0.281006 0.500651 0.065918 0.139323
0 0.376465 0.496094 0.057617 0.127604
0 0.428223 0.554688 0.046875 0.138021
0 0.389648 0.599284 0.064453 0.136068
0 0.417969 0.733398 0.057617 0.147786
0 0.381592 0.709961 0.025879 0.078776
0 0.522217 0.443685 0.057129 0.102214
0 0.506104 0.588542 0.095215 0.194010
0 0.556641 0.600911 0.043945 0.084635
0 0.724121 0.549805 0.074219 0.150391
0 0.802734 0.371419 0.094727 0.169922
0 0.854248 0.413086 0.077637 0.098307
0 0.943604 0.473307 0.085449 0.178385
0 0.980225 0.343750 0.039551 0.087240
0 0.854736 0.503255 0.078613 0.147135
