0 0.318848 0.694505 0.097656 0.224176
0 0.844238 0.556044 0.053711 0.131868
1 0.694336 0.466300 0.064453 0.131136
0 0.655273 0.532601 0.049805 0.158242
0 0.113525 0.489377 0.054199 0.084982
0 0.126465 0.547253 0.047852 0.063004
0 0.188965 0.523443 0.082031 0.147253
0 0.400879 0.366667 0.086914 0.192674
0 0.318604 0.311355 0.054199 0.076190
0 0.279297 0.457509 0.083008 0.085714
0 0.341064 0.472161 0.116699 0.227839
0 0.874512 0.324176 0.080078 0.128205
0 0.835938 0.435897 0.070312 0.111355
0 0.884033 0.455311 0.053223 0.126740
0 0.932617 0.449084 0.093750 0.109890
0 0.959717 0.395238 0.052246 0.094505
0 0.984131 0.482784 0.030762 0.169963
0 0.238770 0.591575 0.037109 0.085714
