-1 0.131324 0.504134 0.041915 0.094907
-1 0.208953 0.409061 0.103919 0.218915
-1 0.261905 0.534557 0.081349 0.129299
-1 0.388393 0.550595 0.092262 0.227513
-1 0.434400 0.437500 0.083581 0.199735
-1 0.552579 0.586971 0.132440 0.264550
-1 0.599578 0.665344 0.066716 0.181878
-1 0.686012 0.611607 0.093750 0.219246
-1 0.716642 0.445767 0.057292 0.139550
-1 0.787574 0.577050 0.099950 0.160053
-1 0.833581 0.530589 0.062004 0.145833
-1 0.845610 0.781581 0.089038 0.199405
0 0.918775 0.692295 0.103919 0.287368
