1 0.101318 0.457357 0.062988 0.097005
0 0.169434 0.440104 0.083008 0.216146
1 0.214111 0.418294 0.038574 0.065755
1 0.125732 0.534180 0.059082 0.192057
0 0.279785 0.546224 0.048828 0.126302
0 0.329346 0.641276 0.073730 0.152344
0 0.356201 0.477539 0.047363 0.070964
0 0.258057 0.247070 0.088379 0.108724
0 0.547363 0.440430 0.063477 0.169922
0 0.492676 0.524740 0.035156 0.065104
0 0.646973 0.559245 0.053711 0.093750
0 0.696777 0.525065 0.063477 0.147786
0 0.735352 0.637044 0.098633 0.070964
0 0.809570 0.452799 0.068359 0.172526
1 0.829102 0.495117 0.061523 0.176432
0 0.865967 0.548828 0.053223 0.113281
0 0.982910 0.447917 0.029297 0.134115
2 0.764160 0.511393 0.052734 0.154297
