0 0.960449 0.387546 0.057617 0.221245
0 0.928467 0.542857 0.030762 0.039560
1 0.026123 0.442491 0.051270 0.180220
1 0.169922 0.115385 0.077148 0.175092
0 0.168457 0.277289 0.083984 0.224908
1 0.091553 0.311355 0.116699 0.096703
1 0.076416 0.433333 0.054199 0.167766
1 0.059570 0.661538 0.108398 0.257875
0 0.091553 0.801465 0.061035 0.244689
0 0.272705 0.820513 0.059082 0.133333
0 0.593506 0.426740 0.050293 0.176557
0 0.747070 0.527106 0.077148 0.156044
0 0.861084 0.624908 0.053223 0.169963
0 0.462646 0.565568 0.060059 0.281319
1 0.399902 0.527839 0.059570 0.134066
1 0.209717 0.905861 0.067871 0.188278
1 0.216553 0.747253 0.143066 0.213919
0 0.309082 0.460806 0.161133 0.375092
0 0.805420 0.240659 0.096191 0.201465
1 0.744629 0.220879 0.041992 0.063736
1 0.847168 0.527839 0.087891 0.122344
