0 0.059082 0.603663 0.112305 0.389744
0 0.237061 0.570330 0.070801 0.154579
0 0.285645 0.773626 0.160156 0.303297
1 0.482666 0.320147 0.142090 0.379487
1 0.401855 0.580586 0.099609 0.304029
1 0.453369 0.679853 0.108887 0.319414
0 0.541260 0.643223 0.079590 0.265201
1 0.630859 0.688278 0.106445 0.179487
0 0.598145 0.387546 0.146484 0.164103
0 0.739258 0.368864 0.067383 0.238095
1 0.817871 0.321612 0.101562 0.219780
0 0.904053 0.527839 0.121582 0.224908
1 0.828857 0.582784 0.095215 0.120879
1 0.878174 0.654579 0.072754 0.094505
1 0.871826 0.754579 0.059082 0.130403
