0 0.099609 0.156777 0.075195 0.133333
1 0.088623 0.699634 0.145996 0.152381
1 0.013916 0.447619 0.026855 0.232967
0 0.079102 0.469597 0.109375 0.300366
0 0.295166 0.424542 0.092285 0.260073
0 0.362549 0.431136 0.061035 0.188278
0 0.399414 0.631136 0.054688 0.170696
0 0.455566 0.874359 0.073242 0.157509
0 0.550781 0.823810 0.111328 0.226374
0 0.550049 0.546154 0.111816 0.233700
0 0.677246 0.358608 0.099609 0.350916
1 0.748779 0.306227 0.079590 0.168498
0 0.806641 0.484615 0.103516 0.337729
1 0.839355 0.621612 0.096680 0.326007
0 0.884766 0.732234 0.122070 0.324542
0 0.666260 0.763004 0.124512 0.264469
0 0.606445 0.596703 0.072266 0.150183
0 0.574951 0.164835 0.183105 0.172894
1 0.516602 0.293407 0.063477 0.339194
1 0.461182 0.472161 0.062012 0.156044
