0 0.098145 0.611355 0.087891 0.128205
0 0.186279 0.608059 0.046387 0.083516
0 0.294922 0.710256 0.073242 0.248352
0 0.364746 0.476923 0.070312 0.174359
1 0.384521 0.307692 0.063965 0.203663
0 0.359131 0.159707 0.053223 0.118681
1 0.307129 0.089011 0.070312 0.063736
0 0.509521 0.378755 0.039551 0.084982
1 0.479004 0.490476 0.072266 0.084249
0 0.562256 0.551648 0.095215 0.162637
0 0.652832 0.629304 0.116211 0.247619
1 0.733643 0.179853 0.068848 0.166300
1 0.719238 0.338095 0.114258 0.182418
1 0.810303 0.428938 0.080566 0.214652
0 0.741699 0.528205 0.055664 0.191941
1 0.801025 0.660073 0.057129 0.171429
1 0.843994 0.665201 0.030762 0.130403
0 0.844482 0.834066 0.067871 0.210256
1 0.974609 0.857143 0.049805 0.118681
1 0.927490 0.787912 0.144043 0.186813
1 0.935547 0.923443 0.080078 0.153114
0 0.898926 0.343223 0.075195 0.202930
1 0.894775 0.183516 0.068848 0.134066
1 0.971436 0.508425 0.056152 0.284249
