0 0.021240 0.535165 0.037598 0.207326
0 0.072266 0.575458 0.073242 0.164835
0 0.178467 0.503297 0.063965 0.189011
0 0.109375 0.820879 0.064453 0.098901
0 0.188477 0.721245 0.082031 0.271795
1 0.517090 0.642857 0.101562 0.246886
0 0.572510 0.426374 0.100098 0.234432
0 0.219727 0.544689 0.046875 0.117949
1 0.281982 0.564469 0.136230 0.233700
0 0.290527 0.715018 0.069336 0.196337
0 0.345947 0.748718 0.041504 0.210989
1 0.395264 0.523077 0.087402 0.221245
0 0.390625 0.727839 0.068359 0.249817
1 0.480225 0.546154 0.104004 0.255678
0 0.722412 0.494872 0.099121 0.274725
1 0.834717 0.534432 0.096191 0.328938
0 0.952393 0.530037 0.089355 0.201465
1 0.915771 0.746886 0.089355 0.277656
