0 0.010254 0.444689 0.019531 0.124542
1 0.181885 0.527839 0.067871 0.179487
0 0.232178 0.659707 0.067871 0.273260
0 0.358154 0.531868 0.101074 0.237363
1 0.436768 0.485348 0.047363 0.122344
1 0.488281 0.448718 0.109375 0.112088
1 0.496582 0.570330 0.057617 0.147253
1 0.562744 0.611355 0.074707 0.198535
0 0.886230 0.478388 0.055664 0.150916
0 0.958008 0.443956 0.078125 0.161172
0 0.840576 0.512088 0.061035 0.165568
0 0.515869 0.193773 0.044434 0.057875
0 0.725342 0.309890 0.063965 0.115751
0 0.740479 0.392674 0.075684 0.067399
1 0.648926 0.496703 0.070312 0.194872
0 0.713379 0.586813 0.135742 0.370696
