0 0.116943 0.592674 0.080566 0.105495
0 0.167236 0.448352 0.099121 0.126007
0 0.186035 0.724176 0.107422 0.161905
0 0.298828 0.215385 0.087891 0.231502
1 0.305176 0.508059 0.067383 0.343590
0 0.420654 0.709890 0.064941 0.252015
0 0.361328 0.701465 0.066406 0.346520
1 0.405273 0.429304 0.120117 0.203663
0 0.531982 0.141758 0.092285 0.248352
1 0.556152 0.264835 0.077148 0.221978
0 0.973145 0.451648 0.051758 0.229304
1 0.512451 0.518681 0.094238 0.339927
1 0.561523 0.524908 0.091797 0.216117
1 0.643555 0.457509 0.182617 0.431502
1 0.697021 0.679853 0.090332 0.269597
