0 0.081055 0.498901 0.081055 0.186081
1 0.091553 0.382784 0.058105 0.047619
0 0.221680 0.407692 0.076172 0.211722
0 0.328857 0.360073 0.059082 0.132601
0 0.343750 0.273260 0.104492 0.084982
0 0.399658 0.452381 0.093262 0.233700
0 0.478271 0.414652 0.071777 0.083516
0 0.468750 0.313553 0.118164 0.118681
0 0.562256 0.394872 0.068848 0.172894
0 0.581543 0.470696 0.035156 0.087179
0 0.599854 0.201099 0.068848 0.205861
0 0.713135 0.197436 0.043457 0.106227
0 0.707764 0.380586 0.060059 0.192674
1 0.661377 0.655311 0.086426 0.183883
1 0.686523 0.535897 0.038086 0.056410
0 0.774658 0.519414 0.097168 0.247619
1 0.836670 0.598168 0.060059 0.068132
