0 0.046631 0.483073 0.078613 0.171875
1 0.240967 0.620768 0.068848 0.112630
1 0.274170 0.475586 0.066895 0.146484
1 0.304688 0.517578 0.048828 0.106771
1 0.296143 0.631836 0.038574 0.083984
1 0.370361 0.368815 0.090332 0.214193
1 0.485107 0.416341 0.141113 0.143880
1 0.408936 0.715495 0.120605 0.169271
1 0.479736 0.685872 0.053223 0.189453
1 0.525635 0.622396 0.080566 0.227865
1 0.588135 0.498372 0.071777 0.198568
0 0.656006 0.529297 0.078613 0.205729
1 0.617432 0.336589 0.100098 0.171875
0 0.724121 0.621745 0.078125 0.122396
0 0.805176 0.599935 0.074219 0.218099
1 0.900879 0.527344 0.059570 0.203125
1 0.930420 0.632812 0.067871 0.121094
1 0.972168 0.597005 0.055664 0.222656
1 0.971680 0.759440 0.041016 0.076172
1 0.365967 0.543945 0.022949 0.042318
1 0.400635 0.503255 0.027832 0.042969
1 0.449707 0.517904 0.015625 0.035807
