1 0.093262 0.205495 0.052734 0.139927
0 0.109375 0.414652 0.068359 0.218315
0 0.160645 0.421978 0.056641 0.174359
0 0.338135 0.425275 0.054199 0.220513
0 0.294922 0.528205 0.066406 0.183150
0 0.230957 0.544689 0.058594 0.153114
1 0.978271 0.248352 0.039551 0.080586
0 0.960449 0.382051 0.072266 0.122344
0 0.903076 0.582051 0.060059 0.163370
1 0.557861 0.382418 0.060059 0.139194
1 0.582764 0.435897 0.063965 0.127473
1 0.634766 0.551282 0.069336 0.136996
0 0.796631 0.499634 0.069824 0.143590
0 0.704834 0.637363 0.099121 0.222711
1 0.907227 0.471062 0.086914 0.086447
0 0.222656 0.417216 0.034180 0.060806
