0 0.404785 0.252015 0.065430 0.206593
0 0.203125 0.313187 0.084961 0.166300
0 0.868164 0.422344 0.087891 0.101832
1 0.790283 0.399267 0.056152 0.051282
0 0.817383 0.505128 0.083984 0.217582
0 0.735596 0.668864 0.072754 0.177289
1 0.698730 0.601465 0.049805 0.165568
1 0.523682 0.549817 0.078613 0.173626
0 0.628906 0.561905 0.124023 0.293040
0 0.420410 0.449084 0.125000 0.161172
0 0.469482 0.607692 0.071777 0.170696
1 0.131836 0.560073 0.101562 0.324542
1 0.218262 0.529670 0.071289 0.216850
1 0.256348 0.641026 0.051758 0.109890
0 0.296143 0.498168 0.098145 0.273993
2 0.855469 0.626374 0.048828 0.099634
