0 0.932373 0.705128 0.047363 0.141392
1 0.162354 0.684615 0.068848 0.135531
1 0.220459 0.613919 0.064941 0.164103
1 0.285645 0.676557 0.077148 0.200000
1 0.330566 0.506227 0.054688 0.159707
1 0.108154 0.650916 0.068848 0.154579
1 0.077148 0.539927 0.052734 0.121612
1 0.045654 0.476557 0.053223 0.136996
0 0.085938 0.354945 0.086914 0.123810
1 0.390381 0.474359 0.069824 0.221978
1 0.454346 0.493773 0.087402 0.222711
1 0.443359 0.620513 0.034180 0.049817
1 0.478760 0.680586 0.049316 0.156777
1 0.510986 0.458608 0.038574 0.087912
1 0.540771 0.580952 0.071777 0.184615
0 0.748535 0.635531 0.078125 0.207326
1 0.633057 0.604762 0.071777 0.347985
0 0.699463 0.430403 0.131348 0.122344
1 0.709229 0.756777 0.083496 0.197802
1 0.674072 0.682784 0.059082 0.089377
0 0.489746 0.247985 0.062500 0.144322
