0 0.143800 0.711400 0.065900 0.098200
0 0.528600 0.522300 0.071800 0.206600
0 0.641100 0.573600 0.070300 0.208100
0 0.672400 0.616100 0.030300 0.070300
0 0.764200 0.238800 0.062500 0.175800
0 0.943400 0.500700 0.077100 0.186800
0 0.871800 0.442100 0.083500 0.257100
0 0.725600 0.658600 0.040000 0.074700
0 0.793000 0.448400 0.044900 0.121600
0 0.288100 0.715400 0.094700 0.185300
0 0.255100 0.387200 0.069800 0.110600
0 0.210700 0.579900 0.088400 0.185300
0 0.349400 0.681000 0.064900 0.151600
0 0.276100 0.516500 0.065900 0.199300
0 0.326700 0.565900 0.048800 0.120900
