0 0.282959 0.747985 0.063965 0.168498
1 0.974854 0.575092 0.044434 0.269597
0 0.810059 0.306593 0.090820 0.156044
0 0.733643 0.341392 0.062988 0.175824
1 0.737549 0.558974 0.047363 0.109890
1 0.791748 0.570696 0.056152 0.168498
1 0.848145 0.570696 0.069336 0.172894
1 0.859863 0.715751 0.051758 0.235897
1 0.911621 0.628938 0.066406 0.090110
1 0.402344 0.391575 0.134766 0.211722
1 0.404053 0.567399 0.079590 0.260073
0 0.222656 0.397436 0.091797 0.249817
0 0.099854 0.793407 0.075684 0.244689
0 0.073486 0.452015 0.112793 0.189011
0 0.155762 0.621612 0.091797 0.409524
