1 0.437012 0.140293 0.091797 0.195604
0 0.152100 0.323443 0.109863 0.151648
0 0.245850 0.446520 0.089355 0.229304
1 0.870605 0.282784 0.057617 0.086447
1 0.939453 0.267399 0.073242 0.149451
1 0.935547 0.414652 0.106445 0.180220
0 0.696533 0.662637 0.097168 0.255678
1 0.699463 0.486447 0.054199 0.127473
0 0.850586 0.461172 0.061523 0.154579
0 0.773438 0.536630 0.081055 0.164835
1 0.747070 0.565201 0.048828 0.128205
0 0.562256 0.295238 0.057129 0.071795
0 0.587158 0.430037 0.065918 0.205128
0 0.543945 0.391941 0.058594 0.106960
0 0.470947 0.346520 0.080566 0.152381
0 0.469238 0.449817 0.083984 0.205128
0 0.401367 0.373993 0.051758 0.110623
1 0.444092 0.592674 0.052246 0.147985
1 0.155762 0.528571 0.077148 0.229304
1 0.221191 0.695238 0.043945 0.099634
1 0.279541 0.666300 0.093262 0.260073
1 0.343506 0.547619 0.057129 0.261538
1 0.392578 0.559341 0.050781 0.252747
1 0.283447 0.508791 0.056152 0.094505
