0 0.041016 0.634066 0.058594 0.153114
1 0.072266 0.616117 0.049805 0.064469
0 0.088867 0.428571 0.071289 0.187546
1 0.123047 0.487546 0.053711 0.157509
1 0.200195 0.292674 0.107422 0.302564
1 0.328125 0.366667 0.188477 0.200000
0 0.513672 0.252015 0.117188 0.249084
0 0.459473 0.477656 0.088867 0.268132
0 0.556152 0.517949 0.106445 0.290110
0 0.713623 0.608791 0.079590 0.284249
1 0.632080 0.639927 0.080566 0.160440
0 0.847656 0.566667 0.083984 0.368498
1 0.943848 0.676923 0.112305 0.372161
1 0.204102 0.769963 0.078125 0.228571
1 0.272217 0.779853 0.085449 0.191209
1 0.326660 0.728571 0.070312 0.251282
1 0.383301 0.642491 0.094727 0.303297
