0 0.039307 0.660073 0.077637 0.205128
1 0.118164 0.449817 0.039062 0.080586
0 0.089355 0.532967 0.056641 0.128205
1 0.286133 0.307326 0.065430 0.123810
0 0.309570 0.473260 0.100586 0.241758
0 0.339355 0.581319 0.029297 0.056410
1 0.196045 0.575092 0.055176 0.054212
1 0.178467 0.643223 0.035645 0.096703
1 0.480957 0.675092 0.043945 0.128205
1 0.521240 0.678388 0.041504 0.102564
1 0.568359 0.694139 0.055664 0.145788
1 0.603271 0.593407 0.056152 0.137729
0 0.667969 0.532967 0.147461 0.160440
1 0.776123 0.618681 0.066895 0.157509
1 0.803955 0.643223 0.044434 0.083516
0 0.860840 0.534066 0.101562 0.197802
