0 0.029053 0.631868 0.057129 0.201465
1 0.059570 0.504762 0.031250 0.058608
0 0.983154 0.350916 0.030762 0.071795
1 0.945068 0.489744 0.060059 0.201465
1 0.891357 0.483516 0.049316 0.186081
0 0.607666 0.759341 0.069824 0.191209
1 0.782959 0.318681 0.178223 0.150916
0 0.712158 0.526007 0.100098 0.271062
0 0.543457 0.779853 0.069336 0.195604
0 0.574951 0.433700 0.056152 0.231502
0 0.516846 0.429304 0.056152 0.109890
1 0.513184 0.647253 0.104492 0.274725
1 0.437744 0.555678 0.110840 0.255678
0 0.291260 0.343956 0.140137 0.106227
0 0.318359 0.463004 0.110352 0.181685
1 0.124756 0.429670 0.062988 0.122344
0 0.183838 0.350183 0.101074 0.243223
0 0.157959 0.537363 0.065918 0.236630
0 0.211670 0.545788 0.043457 0.156777
1 0.265381 0.547985 0.062988 0.215385
1 0.742676 0.393407 0.063477 0.109890
