0 0.024170 0.651282 0.047363 0.228571
1 0.100342 0.784615 0.056152 0.174359
0 0.553467 0.759341 0.049316 0.141392
0 0.951660 0.618681 0.093750 0.220513
1 0.575684 0.519048 0.054688 0.145788
1 0.615723 0.586081 0.083984 0.222711
0 0.191162 0.657143 0.040527 0.177289
1 0.236572 0.591941 0.068848 0.252015
1 0.810059 0.601832 0.057617 0.128205
1 0.317871 0.783150 0.066406 0.190476
1 0.429443 0.443223 0.070801 0.227106
1 0.457275 0.572527 0.080566 0.141392
1 0.314941 0.502930 0.060547 0.242491
0 0.718994 0.698901 0.091309 0.118681
1 0.778564 0.604396 0.084473 0.300366
1 0.362061 0.375092 0.067871 0.145055
1 0.368652 0.728938 0.049805 0.164103
1 0.391357 0.569963 0.049316 0.048352
1 0.416748 0.663736 0.057129 0.155311
2 0.134277 0.567033 0.080078 0.096703
