1 0.031006 0.431315 0.061035 0.085286
1 0.066406 0.423177 0.016602 0.027344
1 0.123291 0.486654 0.050293 0.097005
1 0.102539 0.586589 0.041016 0.045573
0 0.236572 0.436523 0.078613 0.145182
0 0.250000 0.629557 0.033203 0.032552
0 0.312012 0.488607 0.045898 0.113932
0 0.395020 0.515951 0.061523 0.182943
1 0.340332 0.591797 0.081055 0.139323
1 0.349121 0.726237 0.030273 0.042318
0 0.392334 0.628906 0.050293 0.074219
1 0.439209 0.669922 0.057129 0.161458
1 0.479248 0.609375 0.069824 0.183594
1 0.527588 0.616211 0.029785 0.142578
1 0.490479 0.503581 0.040527 0.055339
1 0.570557 0.664062 0.039551 0.049479
0 0.597656 0.593424 0.074219 0.156901
0 0.647705 0.538411 0.063965 0.152344
1 0.709717 0.492188 0.018066 0.027344
0 0.832031 0.694010 0.121094 0.209635
0 0.948975 0.526042 0.077637 0.141927
1 0.826904 0.560872 0.020020 0.067057
1 0.859863 0.536784 0.025391 0.063151
1 0.728516 0.508464 0.018555 0.037760
1 0.756592 0.507812 0.017090 0.032552
