1 0.063965 0.534799 0.047852 0.175824
1 0.125732 0.581319 0.091309 0.151648
1 0.179688 0.645421 0.076172 0.133333
1 0.238770 0.705495 0.060547 0.187546
1 0.202393 0.839194 0.076660 0.169231
1 0.443604 0.435897 0.067871 0.285714
1 0.405762 0.608791 0.046875 0.079121
0 0.494629 0.587912 0.058594 0.201465
1 0.617920 0.638828 0.064941 0.096703
0 0.875000 0.506227 0.081055 0.159707
0 0.783936 0.526374 0.065918 0.189744
1 0.713135 0.573626 0.058105 0.203663
0 0.657227 0.735897 0.065430 0.163370
1 0.678223 0.633700 0.068359 0.120147
