0 0.010500 0.534500 0.019000 0.104200
0 0.091100 0.499300 0.078600 0.070300
0 0.170700 0.579800 0.045400 0.112600
0 0.117900 0.571300 0.066900 0.081400
0 0.205600 0.662400 0.064500 0.185500
0 0.252900 0.561800 0.082000 0.216100
0 0.288800 0.638000 0.024900 0.095100
0 0.324200 0.577500 0.066400 0.151000
0 0.218500 0.390600 0.018100 0.035200
0 0.401400 0.404900 0.114300 0.160200
0 0.398700 0.508800 0.050300 0.163400
0 0.447000 0.655900 0.057100 0.151700
0 0.556400 0.684200 0.038600 0.079400
0 0.513200 0.658200 0.046900 0.062500
0 0.519000 0.588500 0.045900 0.062500
0 0.555200 0.570600 0.058600 0.141300
0 0.595000 0.519900 0.062000 0.177700
0 0.638400 0.558300 0.024900 0.094400
0 0.677000 0.632500 0.052200 0.189500
0 0.738500 0.519900 0.097200 0.080100
0 0.748500 0.602200 0.055700 0.092400
0 0.811300 0.447300 0.077600 0.105500
0 0.929000 0.597700 0.066900 0.138000
0 0.925300 0.707700 0.104500 0.112000
0 0.984100 0.614600 0.030800 0.153600
0 0.968000 0.389000 0.058100 0.074900
