0 0.046387 0.376557 0.087891 0.268132
0 0.156006 0.423077 0.126465 0.248352
0 0.170410 0.581319 0.068359 0.153114
0 0.171875 0.697070 0.056641 0.142857
0 0.237305 0.703663 0.086914 0.258608
1 0.369141 0.736264 0.054688 0.221245
1 0.436523 0.657509 0.077148 0.166300
1 0.495117 0.697436 0.091797 0.312088
1 0.534668 0.414652 0.077148 0.237363
1 0.408691 0.442491 0.043945 0.152381
0 0.696533 0.566667 0.115723 0.236630
1 0.751221 0.796703 0.095215 0.185348
1 0.798584 0.697070 0.112793 0.095971
1 0.696777 0.347253 0.083984 0.205128
1 0.786377 0.391209 0.095215 0.128938
0 0.784180 0.543590 0.087891 0.206593
0 0.876709 0.478755 0.086426 0.170696
0 0.924561 0.607326 0.071777 0.191941
1 0.964600 0.630403 0.041504 0.136996
1 0.967773 0.444689 0.048828 0.123077
1 0.926758 0.431868 0.030273 0.120879
2 0.649658 0.431502 0.058105 0.121612
