0 0.028100 0.597700 0.056200 0.212200
0 0.085700 0.598000 0.076700 0.188200
0 0.146700 0.526400 0.058100 0.154300
0 0.295400 0.645500 0.110400 0.190800
0 0.381300 0.481100 0.047900 0.100300
0 0.488000 0.461900 0.077600 0.216800
0 0.554900 0.548200 0.038600 0.035200
0 0.517800 0.643200 0.035600 0.082000
0 0.559800 0.619800 0.034700 0.028600
0 0.650900 0.697900 0.046900 0.100300
0 0.755900 0.451500 0.057600 0.067100
0 0.748800 0.515300 0.041500 0.072300
0 0.734600 0.640300 0.065900 0.175100
0 0.804900 0.586300 0.099100 0.102200
0 0.923100 0.632200 0.017100 0.050800
0 0.954800 0.618200 0.033700 0.025400
0 0.945100 0.660800 0.015100 0.041700
0 0.960700 0.645500 0.009300 0.024100
0 0.978300 0.569000 0.030800 0.063800
