0 0.158447 0.509158 0.081543 0.180220
0 0.235596 0.534432 0.066895 0.175092
1 0.257568 0.593040 0.031738 0.082784
0 0.304688 0.604762 0.063477 0.158974
0 0.365234 0.509890 0.073242 0.150916
1 0.377930 0.705495 0.062500 0.168498
0 0.530762 0.563004 0.054688 0.176557
0 0.600342 0.506593 0.050293 0.169231
0 0.573975 0.353480 0.037598 0.148718
0 0.720947 0.566300 0.052246 0.089377
0 0.754150 0.508791 0.032715 0.060806
0 0.813477 0.750916 0.056641 0.193407
0 0.763184 0.738828 0.049805 0.161905
1 0.777344 0.596703 0.038086 0.046154
1 0.827148 0.590110 0.069336 0.103297
1 0.885254 0.502198 0.048828 0.158974
