0 0.026123 0.543590 0.049316 0.128938
0 0.133789 0.735531 0.142578 0.257875
0 0.117676 0.502198 0.064453 0.204396
0 0.174072 0.436630 0.052246 0.189011
0 0.231201 0.571062 0.040527 0.068132
1 0.283936 0.617216 0.035645 0.049084
0 0.370361 0.561905 0.078613 0.169963
1 0.625488 0.371429 0.041992 0.061538
1 0.666992 0.432967 0.103516 0.189011
1 0.592285 0.609158 0.083008 0.219048
1 0.645752 0.591941 0.067871 0.205128
0 0.861816 0.624176 0.043945 0.102564
0 0.912598 0.581319 0.059570 0.153114
1 0.867676 0.489377 0.055664 0.164103
1 0.808838 0.485348 0.092285 0.173626
