0 0.157700 0.340200 0.063500 0.055300
0 0.141800 0.446300 0.090300 0.173800
0 0.295900 0.353500 0.078100 0.214800
0 0.414300 0.317100 0.103000 0.169300
0 0.478000 0.400100 0.091800 0.235000
0 0.561000 0.286800 0.085000 0.123000
0 0.547600 0.391000 0.065900 0.072300
0 0.618900 0.414100 0.063000 0.154900
0 0.645300 0.453800 0.035600 0.082000
0 0.658700 0.213900 0.065400 0.168600
0 0.764200 0.176400 0.069300 0.118500
0 0.760700 0.395500 0.082000 0.185500
0 0.751500 0.577800 0.094700 0.180300
0 0.747100 0.681000 0.041000 0.041700
0 0.867200 0.463900 0.091800 0.223300
0 0.811800 0.444700 0.048300 0.084600
0 0.938000 0.535500 0.055700 0.050100
