0 0.138672 0.671062 0.043945 0.061538
0 0.114990 0.714652 0.050293 0.072527
0 0.235352 0.781685 0.043945 0.139194
0 0.314453 0.773993 0.071289 0.210256
0 0.341064 0.625641 0.061035 0.121612
1 0.440674 0.583883 0.056152 0.165568
0 0.438965 0.756777 0.081055 0.208059
0 0.493652 0.747985 0.030273 0.074725
1 0.530273 0.743223 0.040039 0.060806
0 0.532471 0.426374 0.054199 0.108425
1 0.541748 0.569231 0.037598 0.186081
1 0.598145 0.536264 0.081055 0.208059
0 0.705566 0.436630 0.102539 0.291575
0 0.971924 0.664103 0.053223 0.202930
0 0.223633 0.615751 0.066406 0.082784
