1 0.033691 0.514974 0.066406 0.207031
1 0.099854 0.460286 0.073730 0.175781
1 0.133545 0.596680 0.049316 0.095703
1 0.164551 0.489258 0.034180 0.043620
1 0.193848 0.562174 0.063477 0.091797
1 0.218750 0.512370 0.043945 0.095052
1 0.241455 0.419271 0.077637 0.088542
1 0.292969 0.474284 0.039062 0.111328
1 0.377686 0.484375 0.092285 0.177083
1 0.355957 0.606771 0.071289 0.151042
1 0.549072 0.587891 0.049316 0.065104
1 0.595459 0.600260 0.049316 0.138021
1 0.629150 0.531576 0.052246 0.133464
1 0.447754 0.414062 0.018555 0.057292
1 0.463867 0.424479 0.018555 0.046875
1 0.678955 0.512370 0.057129 0.113281
1 0.681641 0.392578 0.072266 0.125000
1 0.745850 0.497070 0.089355 0.136068
1 0.770752 0.572266 0.119629 0.048177
1 0.751465 0.626953 0.041016 0.054688
1 0.838867 0.478190 0.018555 0.077474
1 0.809326 0.434570 0.012207 0.016276
