0 0.781982 0.166300 0.095215 0.194872
1 0.863037 0.342125 0.089355 0.252015
1 0.843994 0.463004 0.128418 0.246154
0 0.789062 0.782051 0.043945 0.047619
0 0.851074 0.671429 0.068359 0.166300
0 0.465576 0.717216 0.105957 0.235897
0 0.647461 0.617582 0.078125 0.269597
1 0.652832 0.404029 0.062500 0.141392
1 0.688232 0.383883 0.070801 0.234432
1 0.546387 0.371795 0.091797 0.123810
1 0.494629 0.516117 0.120117 0.192674
1 0.328857 0.476557 0.064941 0.220513
0 0.265381 0.515751 0.083496 0.348718
0 0.182373 0.479853 0.072754 0.268132
0 0.117676 0.655678 0.086914 0.203663
0 0.049561 0.567399 0.094238 0.233700
1 0.063965 0.382418 0.068359 0.134799
1 0.148193 0.579853 0.096191 0.347985
