0 0.035645 0.641758 0.058594 0.193407
1 0.032471 0.498901 0.055176 0.086447
0 0.126465 0.551648 0.075195 0.177289
0 0.074463 0.929670 0.068848 0.133333
0 0.311279 0.637729 0.045410 0.145788
0 0.239746 0.557875 0.097656 0.138462
1 0.252441 0.649084 0.074219 0.086447
1 0.366211 0.731502 0.077148 0.226374
0 0.513428 0.619048 0.075684 0.199267
0 0.427979 0.594139 0.087402 0.253480
1 0.446045 0.710256 0.039551 0.117949
0 0.634033 0.731502 0.070801 0.197070
0 0.607666 0.469597 0.130371 0.335531
0 0.717285 0.735897 0.055664 0.076923
1 0.768066 0.765201 0.045898 0.107692
1 0.739258 0.630403 0.059570 0.085714
1 0.781006 0.601099 0.065918 0.202930
1 0.819824 0.526007 0.083008 0.187546
1 0.840088 0.612454 0.053223 0.117216
1 0.901367 0.698901 0.064453 0.253480
1 0.953857 0.561905 0.090332 0.115751
1 0.969482 0.669597 0.060059 0.131868
