1 0.265137 0.245768 0.035156 0.050130
1 0.036865 0.586589 0.043457 0.061198
1 0.022461 0.674154 0.042969 0.080078
0 0.100342 0.558268 0.081543 0.136068
1 0.164551 0.570964 0.075195 0.248698
1 0.184082 0.646484 0.092773 0.110677
1 0.244141 0.507161 0.143555 0.070312
1 0.241943 0.562174 0.060059 0.173828
1 0.297852 0.669271 0.052734 0.125000
1 0.331055 0.720378 0.089844 0.235026
1 0.362793 0.596354 0.083008 0.208333
1 0.451660 0.596680 0.097656 0.367839
1 0.551270 0.567383 0.060547 0.218099
0 0.604736 0.638672 0.053223 0.128906
1 0.639160 0.449870 0.071289 0.145833
1 0.701660 0.513672 0.086914 0.233073
1 0.765869 0.487956 0.109863 0.216797
1 0.782471 0.391276 0.055176 0.065104
0 0.910645 0.637370 0.074219 0.238281
1 0.978760 0.614583 0.041504 0.123698
1 0.981445 0.741862 0.035156 0.054036
0 0.806152 0.255859 0.093750 0.126302
