1 0.135498 0.539062 0.038574 0.078125
1 0.180664 0.546549 0.063477 0.128255
1 0.307617 0.564128 0.065430 0.185547
1 0.242676 0.656576 0.067383 0.185547
1 0.209961 0.398438 0.118164 0.139323
1 0.541992 0.376302 0.040039 0.092448
1 0.602051 0.369792 0.038086 0.078125
1 0.549805 0.570964 0.074219 0.139323
1 0.512207 0.620117 0.040039 0.160807
1 0.477783 0.542969 0.030762 0.088542
0 0.449463 0.626628 0.032715 0.117839
1 0.475342 0.626953 0.032715 0.079427
0 0.772217 0.556641 0.056152 0.180990
0 0.798584 0.636068 0.052246 0.182292
0 0.843262 0.614909 0.066406 0.126953
1 0.910889 0.616536 0.063965 0.122396
0 0.574219 0.286784 0.073242 0.098307
0 0.968994 0.582682 0.061035 0.161458
1 0.341553 0.615885 0.086426 0.135417
1 0.393799 0.696615 0.052246 0.121094
