0 0.201200 0.609900 0.060500 0.265900
0 0.233200 0.426400 0.064000 0.285700
0 0.312500 0.518700 0.063500 0.247600
0 0.371300 0.617600 0.093300 0.118700
0 0.447800 0.426000 0.109400 0.182400
0 0.618400 0.439200 0.064900 0.252700
0 0.688700 0.474700 0.058100 0.213900
0 0.589100 0.486800 0.035600 0.153100
0 0.756600 0.580200 0.055200 0.281300
0 0.819300 0.593800 0.050800 0.122300
0 0.871600 0.540700 0.054700 0.133300
0 0.120400 0.564500 0.038600 0.131100
0 0.166700 0.594500 0.042500 0.151600
0 0.959000 0.433700 0.074200 0.165600
