0 0.388900 0.749700 0.127400 0.163400
0 0.548600 0.782900 0.084500 0.194700
0 0.720700 0.567700 0.057600 0.158900
0 0.042500 0.614900 0.051800 0.125700
0 0.106000 0.560900 0.086900 0.125700
0 0.038100 0.489900 0.069300 0.133500
0 0.347200 0.502300 0.079100 0.167300
0 0.426800 0.464200 0.048800 0.102900
0 0.441700 0.599600 0.085400 0.114600
0 0.577400 0.507200 0.051300 0.143200
0 0.642800 0.458000 0.063000 0.149100
0 0.571800 0.627000 0.086900 0.115900
0 0.783900 0.348600 0.091300 0.218100
0 0.812500 0.525400 0.127900 0.191400
0 0.971200 0.491200 0.056600 0.175100
0 0.709000 0.461600 0.062500 0.059900
0 0.489700 0.685900 0.060500 0.078800
