0 0.023200 0.627800 0.046400 0.155300
0 0.022000 0.380200 0.031200 0.039600
0 0.480200 0.498200 0.113800 0.128900
0 0.732400 0.552000 0.065400 0.144300
0 0.454300 0.404400 0.067900 0.134800
0 0.504200 0.601500 0.045400 0.068900
0 0.438500 0.550900 0.052700 0.111400
0 0.869400 0.539900 0.080600 0.205100
0 0.930900 0.381700 0.076700 0.162600
0 0.701900 0.368500 0.082500 0.228600
0 0.755400 0.338100 0.074200 0.238100
0 0.636700 0.402900 0.066400 0.211000
0 0.984100 0.513200 0.028800 0.075500
0 0.983200 0.326700 0.032700 0.133300
0 0.837400 0.435500 0.073200 0.091600
