0 0.100600 0.330800 0.071300 0.106200
0 0.171600 0.713200 0.049300 0.119400
0 0.413300 0.517600 0.026900 0.065200
0 0.429200 0.465900 0.024400 0.036600
0 0.637900 0.454600 0.059100 0.141400
0 0.602500 0.476900 0.022500 0.033700
0 0.179700 0.612800 0.048800 0.075500
0 0.066400 0.496000 0.040000 0.148000
0 0.077400 0.389000 0.037600 0.101100
0 0.141400 0.531500 0.025900 0.091600
0 0.147700 0.491200 0.041500 0.132600
0 0.502400 0.370700 0.046900 0.170000
0 0.531200 0.435200 0.033200 0.067400
0 0.569100 0.467400 0.042500 0.142100
0 0.427500 0.388600 0.059100 0.084200
0 0.453600 0.364800 0.060500 0.105500
0 0.543900 0.231900 0.056600 0.076900
0 0.765100 0.271100 0.076200 0.134800
0 0.806400 0.446500 0.034700 0.060800
0 0.863800 0.620900 0.036100 0.066700
0 0.903800 0.630800 0.039100 0.070300
0 0.855500 0.418300 0.060500 0.139200
0 0.811300 0.324500 0.091300 0.065900
0 0.969700 0.569600 0.023400 0.049100
0 0.299300 0.607300 0.025400 0.085000
