0 0.108900 0.673600 0.068400 0.163400
0 0.871800 0.598500 0.064000 0.174400
0 0.809800 0.540700 0.055200 0.161200
0 0.385500 0.579500 0.059100 0.099600
0 0.307900 0.627800 0.069800 0.194900
0 0.352800 0.381700 0.063000 0.212500
0 0.176000 0.606600 0.059100 0.159700
0 0.150600 0.490500 0.064900 0.106200
0 0.050300 0.534800 0.039100 0.086400
0 0.209500 0.399300 0.049800 0.083500
0 0.223600 0.496700 0.053700 0.120100
0 0.258800 0.545800 0.042000 0.096700
0 0.227300 0.600400 0.050300 0.090100
0 0.415000 0.473600 0.102500 0.094500
0 0.471400 0.536300 0.048300 0.073300
0 0.722400 0.476600 0.034700 0.072500
0 0.708300 0.329700 0.073700 0.104000
0 0.888400 0.248400 0.088400 0.225600
0 0.804200 0.323800 0.121100 0.197800
0 0.560800 0.398500 0.056200 0.089400
0 0.496600 0.446900 0.059600 0.104000
0 0.506100 0.377700 0.048300 0.062300
0 0.583300 0.557900 0.054200 0.082800
