0 0.168700 0.476600 0.061000 0.069600
0 0.058600 0.382400 0.051800 0.073300
0 0.272700 0.432600 0.033700 0.082800
0 0.228500 0.490800 0.048800 0.063000
0 0.169700 0.419800 0.051300 0.068900
0 0.228500 0.376600 0.067400 0.162600
0 0.272000 0.273300 0.085000 0.191900
0 0.357700 0.500700 0.033700 0.071100
0 0.394300 0.461200 0.047400 0.144300
0 0.339100 0.385700 0.053200 0.147300
0 0.008100 0.452000 0.016100 0.044000
0 0.690700 0.536600 0.043500 0.101800
0 0.653600 0.538100 0.051300 0.100400
0 0.569100 0.407000 0.064000 0.210300
0 0.584200 0.511400 0.064000 0.178800
0 0.592500 0.279100 0.056200 0.071800
0 0.637500 0.398200 0.056200 0.126700
0 0.689900 0.295200 0.052700 0.140700
0 0.728300 0.367800 0.042500 0.064500
0 0.801000 0.436300 0.048300 0.090100
0 0.794200 0.336600 0.053200 0.103300
0 0.848400 0.429300 0.055200 0.085000
0 0.847700 0.351600 0.053700 0.060100
0 0.966300 0.486400 0.057600 0.142100
0 0.910200 0.403300 0.058600 0.163400
0 0.990500 0.556400 0.018100 0.147300
