0 0.602100 0.414300 0.078100 0.150200
0 0.559800 0.525600 0.064900 0.123800
0 0.405300 0.609200 0.049800 0.068100
0 0.396000 0.488300 0.071300 0.087200
0 0.459200 0.466300 0.114700 0.125300
0 0.456100 0.408100 0.031200 0.045400
0 0.168700 0.612500 0.053200 0.089400
0 0.028600 0.473300 0.048300 0.104000
0 0.161100 0.493000 0.043900 0.121600
0 0.200900 0.475800 0.058100 0.163400
0 0.174600 0.384200 0.062000 0.094500
0 0.265900 0.515000 0.042500 0.148000
0 0.298600 0.603700 0.036600 0.036600
0 0.740500 0.494100 0.053200 0.167800
0 0.859600 0.617200 0.061000 0.100400
0 0.827400 0.532200 0.076700 0.068100
0 0.832300 0.432600 0.082500 0.128200
0 0.897900 0.340700 0.062500 0.143600
0 0.954600 0.373600 0.049800 0.146500
0 0.890600 0.509200 0.059600 0.178800
