0 0.040500 0.550500 0.043000 0.076900
0 0.082000 0.451300 0.060500 0.167000
0 0.171100 0.523100 0.072800 0.194900
0 0.358200 0.683900 0.053200 0.188300
0 0.308300 0.653100 0.054200 0.175100
0 0.361800 0.534800 0.063500 0.156800
0 0.546600 0.456800 0.061000 0.123800
0 0.668500 0.652400 0.059600 0.128200
0 0.771500 0.579900 0.036100 0.050500
0 0.804900 0.531500 0.055200 0.107700
0 0.936500 0.500700 0.052700 0.101800
0 0.989500 0.435500 0.020000 0.107700
0 0.743900 0.493400 0.050300 0.087200
0 0.725300 0.568100 0.049300 0.147300
0 0.731700 0.413600 0.035600 0.100400
0 0.275900 0.526700 0.037100 0.098200
0 0.300500 0.358600 0.072800 0.129700
0 0.248800 0.462600 0.068800 0.208800
