0 0.315900 0.690100 0.049800 0.079400
0 0.422600 0.612600 0.038600 0.117200
0 0.213600 0.657900 0.053200 0.043600
0 0.116000 0.677100 0.046400 0.096400
0 0.088600 0.636400 0.041500 0.085300
0 0.083300 0.494500 0.025900 0.103500
0 0.134500 0.564100 0.049300 0.076200
0 0.270800 0.579800 0.047400 0.108700
0 0.306600 0.530600 0.044900 0.143200
0 0.549100 0.614900 0.031700 0.116500
0 0.524400 0.529600 0.036100 0.074900
0 0.655000 0.654900 0.047400 0.122400
0 0.621800 0.538100 0.075700 0.162100
0 0.608200 0.624700 0.043500 0.057900
0 0.577600 0.590500 0.063500 0.079400
0 0.715800 0.680300 0.086900 0.119800
0 0.726800 0.794600 0.026900 0.050100
0 0.235400 0.531200 0.048800 0.097700
0 0.183300 0.518600 0.044400 0.068400
0 0.164600 0.468400 0.030300 0.052700
0 0.038300 0.540000 0.052200 0.060500
0 0.030500 0.478800 0.049300 0.047500
