0 0.196800 0.707000 0.074200 0.222700
0 0.128400 0.696700 0.076200 0.237400
0 0.085000 0.562300 0.048800 0.075500
0 0.014400 0.539900 0.028800 0.152400
0 0.350300 0.527100 0.112800 0.274700
0 0.225800 0.434800 0.064900 0.230800
0 0.646700 0.232600 0.123500 0.122300
0 0.712600 0.446200 0.077600 0.211000
0 0.777100 0.588300 0.062000 0.158200
0 0.817400 0.414700 0.084000 0.231500
0 0.937000 0.498900 0.112300 0.218300
0 0.980000 0.650900 0.039100 0.239600
0 0.466600 0.415000 0.073700 0.202900
0 0.407700 0.277300 0.086900 0.202900
0 0.250000 0.251600 0.071300 0.163400
0 0.324200 0.254200 0.129900 0.256400
0 0.481000 0.513600 0.064500 0.153800
0 0.533000 0.543200 0.045400 0.144300
0 0.630900 0.587500 0.090800 0.130400
0 0.606400 0.458600 0.081100 0.196300
0 0.752400 0.511700 0.075200 0.239600
0 0.270000 0.455300 0.050800 0.175100
