0 0.201900 0.681300 0.053200 0.102600
0 0.027300 0.582800 0.054700 0.088600
0 0.590800 0.643200 0.059600 0.170000
0 0.740500 0.541800 0.042500 0.065200
0 0.405300 0.435900 0.070300 0.148000
0 0.418500 0.534800 0.030300 0.065900
0 0.470900 0.557500 0.044400 0.115800
0 0.488000 0.487500 0.077600 0.226400
0 0.546100 0.422000 0.056200 0.162600
0 0.714400 0.430400 0.101600 0.093000
0 0.629200 0.245400 0.040500 0.057100
0 0.607400 0.333000 0.076200 0.129700
0 0.627000 0.463400 0.094700 0.139900
0 0.029500 0.513200 0.031700 0.047600
0 0.897900 0.404400 0.081100 0.190500
0 0.948000 0.455300 0.103000 0.119400
