0 0.983600 0.560500 0.031700 0.083300
0 0.832800 0.568400 0.048300 0.082000
0 0.862100 0.550800 0.049300 0.126300
0 0.796600 0.465800 0.042500 0.137400
0 0.745100 0.510700 0.040000 0.111300
0 0.716300 0.641300 0.045900 0.079400
0 0.692100 0.593400 0.033700 0.107400
0 0.716800 0.577500 0.020500 0.058600
0 0.643100 0.617500 0.070300 0.169900
0 0.601100 0.678700 0.061500 0.106100
0 0.497800 0.668600 0.038600 0.126300
0 0.588600 0.567400 0.046400 0.115200
0 0.540300 0.668300 0.057100 0.102200
0 0.295200 0.683300 0.045400 0.127000
0 0.383100 0.622700 0.049300 0.141300
0 0.337400 0.599000 0.038100 0.109400
0 0.296100 0.548500 0.032700 0.098300
0 0.250000 0.639600 0.039100 0.097000
0 0.050300 0.700800 0.070300 0.041000
0 0.087400 0.642600 0.046900 0.097700
0 0.155000 0.608400 0.034700 0.063200
0 0.486300 0.566700 0.056600 0.084000
0 0.481900 0.511400 0.043900 0.076200
0 0.438700 0.476200 0.043500 0.103500
0 0.433300 0.635400 0.046400 0.097700
0 0.572000 0.489300 0.077600 0.064500
