0 0.142800 0.670700 0.041500 0.075500
0 0.105200 0.466700 0.061000 0.086400
0 0.090100 0.553100 0.034700 0.061500
0 0.059300 0.490800 0.039600 0.098200
0 0.017800 0.497800 0.035600 0.128200
0 0.048300 0.576600 0.038100 0.086400
0 0.078600 0.385300 0.098600 0.107000
0 0.274200 0.470000 0.059100 0.185300
0 0.299800 0.534800 0.035200 0.142100
0 0.445800 0.495200 0.064500 0.193400
0 0.496600 0.364500 0.048800 0.161900
0 0.534200 0.500700 0.033200 0.081300
0 0.508300 0.554600 0.035200 0.046900
0 0.578100 0.653800 0.071300 0.112100
0 0.600100 0.526700 0.043900 0.065900
0 0.552500 0.447300 0.049300 0.166300
0 0.641100 0.560800 0.049800 0.087200
0 0.657700 0.620500 0.038100 0.058600
0 0.679000 0.479500 0.041500 0.063700
0 0.761700 0.567000 0.036100 0.090800
0 0.714400 0.463400 0.069300 0.104800
0 0.853300 0.444300 0.045400 0.151600
0 0.809100 0.397400 0.056600 0.145800
0 0.723400 0.584200 0.039600 0.119400
