0 0.114000 0.496700 0.055200 0.134800
0 0.156500 0.490800 0.032700 0.055700
0 0.133300 0.319800 0.044900 0.072500
0 0.033200 0.405900 0.066400 0.109900
0 0.630400 0.507700 0.039100 0.090800
0 0.586700 0.509200 0.037600 0.120100
0 0.456800 0.316800 0.057100 0.147300
0 0.296900 0.290500 0.054700 0.189700
0 0.208300 0.211400 0.074700 0.137000
0 0.211200 0.293800 0.034700 0.073300
0 0.163800 0.287200 0.031700 0.051300
0 0.417000 0.319400 0.029300 0.073300
0 0.375000 0.222700 0.046900 0.177300
0 0.319800 0.382100 0.043900 0.082800
0 0.104000 0.436300 0.037100 0.068100
0 0.805400 0.394100 0.077600 0.130400
0 0.744100 0.502200 0.092800 0.065200
0 0.964600 0.391600 0.046400 0.113600
0 0.917500 0.374700 0.070300 0.173600
