0 0.144800 0.773600 0.076700 0.156800
0 0.116700 0.689700 0.045900 0.078400
0 0.951700 0.388600 0.050800 0.100400
0 0.951400 0.256000 0.046400 0.163400
0 0.893600 0.324900 0.051800 0.106200
0 0.784400 0.422300 0.041500 0.126700
0 0.858900 0.508100 0.030300 0.060800
0 0.756100 0.323800 0.064900 0.172900
0 0.694800 0.337000 0.045900 0.174400
0 0.581100 0.530400 0.064500 0.140700
0 0.531000 0.462600 0.067900 0.097400
0 0.480000 0.472200 0.029300 0.107700
0 0.172100 0.470000 0.049300 0.153100
0 0.313200 0.620100 0.064900 0.170700
0 0.275900 0.478800 0.070300 0.156000
0 0.293700 0.347300 0.050300 0.117200
0 0.349100 0.314300 0.064500 0.148000
0 0.353500 0.628900 0.044900 0.179500
0 0.390400 0.566300 0.046400 0.133300
0 0.388900 0.444000 0.084500 0.126000
0 0.134000 0.335200 0.040500 0.164800
0 0.075400 0.369200 0.091300 0.041000
0 0.510700 0.300000 0.042000 0.041800
0 0.214600 0.422700 0.081500 0.189000
0 0.883800 0.417600 0.046900 0.048400
