0 0.562300 0.510600 0.030800 0.102600
0 0.583000 0.480600 0.031200 0.096700
0 0.682900 0.609900 0.040500 0.079900
0 0.400900 0.515800 0.047900 0.090800
0 0.202100 0.425300 0.032200 0.072500
0 0.169900 0.376200 0.063500 0.113600
0 0.223900 0.314300 0.052200 0.131900
0 0.288100 0.506200 0.041000 0.131900
0 0.306900 0.452000 0.058100 0.180200
0 0.276600 0.385000 0.051300 0.097400
0 0.452100 0.531900 0.031200 0.045400
0 0.800300 0.597100 0.029300 0.038100
0 0.921100 0.580200 0.049300 0.105500
0 0.916500 0.404800 0.043000 0.119400
0 0.982900 0.370000 0.033200 0.042500
0 0.784900 0.461500 0.054200 0.165600
0 0.759800 0.549100 0.039100 0.081300
0 0.715100 0.593400 0.025900 0.038100
0 0.833300 0.408100 0.051300 0.172900
0 0.867400 0.445100 0.033700 0.075500
0 0.255100 0.508800 0.020000 0.060800
