0 0.662100 0.645800 0.051800 0.069600
0 0.402100 0.652700 0.031700 0.077700
0 0.379900 0.655300 0.026400 0.054900
0 0.369600 0.550200 0.059600 0.089400
0 0.357200 0.475100 0.058100 0.101800
0 0.034900 0.556400 0.039600 0.109200
0 0.065700 0.593800 0.037600 0.123800
0 0.112300 0.596000 0.032200 0.074000
0 0.051800 0.423100 0.041000 0.069600
0 0.021200 0.446500 0.042500 0.120900
0 0.108200 0.529300 0.046400 0.098900
0 0.079600 0.470300 0.043900 0.121600
0 0.234600 0.515800 0.061000 0.104000
0 0.254900 0.550200 0.069300 0.152400
0 0.165800 0.547300 0.064900 0.150900
0 0.209700 0.441800 0.051300 0.105500
0 0.630400 0.473300 0.041000 0.096700
0 0.603800 0.448700 0.075700 0.119400
0 0.638900 0.546900 0.023900 0.074000
0 0.823500 0.385000 0.024900 0.046200
0 0.798100 0.375100 0.030800 0.074700
0 0.867400 0.324200 0.026900 0.035900
0 0.932900 0.442100 0.069800 0.068100
0 0.986600 0.435500 0.025900 0.076900
0 0.970500 0.545100 0.057100 0.118700
