0 0.029300 0.598200 0.058600 0.087200
0 0.678000 0.581300 0.064900 0.213200
0 0.745800 0.555700 0.077600 0.147300
0 0.597700 0.565200 0.061500 0.123800
0 0.209000 0.482100 0.085900 0.180200
0 0.133500 0.401500 0.079600 0.244700
0 0.038600 0.386400 0.077100 0.173600
0 0.174100 0.278000 0.065900 0.169200
0 0.086400 0.375500 0.023400 0.117900
0 0.493900 0.585300 0.049300 0.083500
0 0.483400 0.400000 0.045900 0.153800
0 0.512200 0.464100 0.052700 0.100400
0 0.528300 0.543200 0.043000 0.103300
0 0.418900 0.480600 0.071300 0.146500
0 0.424800 0.597100 0.053700 0.107000
0 0.361300 0.552700 0.048800 0.088600
0 0.832000 0.544700 0.068400 0.172200
0 0.878400 0.631100 0.064500 0.137000
0 0.870400 0.520100 0.057100 0.099600
0 0.837600 0.386100 0.076700 0.124500
0 0.772900 0.328600 0.076200 0.150200
0 0.789600 0.420900 0.038100 0.054900
0 0.684800 0.308400 0.064000 0.221200
0 0.583500 0.281000 0.116200 0.075500
0 0.610100 0.420100 0.106900 0.159000
0 0.415500 0.361500 0.057600 0.110600
