0 0.505100 0.417200 0.056200 0.153100
0 0.444100 0.270700 0.075700 0.150200
0 0.381300 0.206200 0.043900 0.082800
0 0.372100 0.389000 0.085000 0.180200
0 0.409200 0.385000 0.038100 0.109200
0 0.085200 0.425300 0.059100 0.138500
0 0.188200 0.342900 0.051300 0.143600
0 0.260000 0.457900 0.111800 0.167000
0 0.280500 0.507300 0.048300 0.098900
0 0.239700 0.385300 0.101600 0.170000
0 0.664100 0.322700 0.065400 0.137000
0 0.705300 0.363700 0.034700 0.069600
0 0.726800 0.248000 0.041500 0.145800
0 0.760000 0.378800 0.060100 0.181700
0 0.862300 0.364100 0.048800 0.076200
0 0.823200 0.271800 0.065400 0.194900
0 0.809600 0.412500 0.057600 0.079100
0 0.977500 0.529300 0.032200 0.059300
