0 0.164600 0.679100 0.037100 0.087900
0 0.171600 0.587900 0.025900 0.041800
0 0.964800 0.389400 0.069300 0.125300
0 0.700900 0.511700 0.055200 0.144300
0 0.648700 0.488600 0.048300 0.114300
0 0.633100 0.341800 0.047400 0.068100
0 0.779500 0.271400 0.040500 0.126700
0 0.603300 0.509200 0.060100 0.186100
0 0.533000 0.474000 0.062000 0.068900
0 0.528800 0.409500 0.036100 0.092300
0 0.508300 0.521600 0.030300 0.039600
0 0.471200 0.506600 0.043900 0.079900
0 0.378400 0.519400 0.056600 0.089400
0 0.309800 0.559000 0.020000 0.064500
0 0.327400 0.505100 0.053200 0.125300
0 0.348900 0.451600 0.040500 0.057900
0 0.256800 0.531100 0.024400 0.032200
0 0.254900 0.478800 0.032200 0.062300
0 0.241900 0.420900 0.033700 0.074000
0 0.150400 0.526700 0.030300 0.038100
0 0.113800 0.522000 0.024400 0.060800
0 0.090100 0.497400 0.013200 0.052700
0 0.970700 0.470300 0.018600 0.045400
