0 0.326900 0.611000 0.055200 0.096700
0 0.022700 0.258600 0.045400 0.194900
0 0.069300 0.419400 0.086900 0.181000
0 0.141600 0.401500 0.055700 0.150900
0 0.114300 0.269200 0.042000 0.103300
0 0.070600 0.306200 0.076700 0.104000
0 0.223900 0.472500 0.079600 0.131900
0 0.206300 0.439200 0.067900 0.100400
0 0.284200 0.435900 0.063500 0.200700
0 0.322500 0.307300 0.057100 0.100400
0 0.327600 0.404400 0.037100 0.114300
0 0.337200 0.522300 0.050300 0.070300
0 0.374500 0.448000 0.053700 0.131100
0 0.457800 0.465600 0.040500 0.103300
0 0.492200 0.485700 0.040000 0.092300
0 0.549100 0.411000 0.042500 0.120100
0 0.578400 0.412800 0.034700 0.151600
0 0.543900 0.209900 0.029300 0.035900
0 0.501200 0.198900 0.047400 0.076900
0 0.443100 0.124200 0.046400 0.069600
0 0.707800 0.467800 0.041500 0.057900
0 0.747600 0.480600 0.044900 0.061500
0 0.622100 0.231100 0.047900 0.066700
0 0.665000 0.332200 0.045900 0.141400
0 0.662800 0.222300 0.065900 0.119400
0 0.753700 0.244700 0.055200 0.055700
0 0.863000 0.382800 0.063000 0.138500
0 0.861600 0.266700 0.071800 0.112800
0 0.843800 0.139900 0.076200 0.064500
0 0.906500 0.336300 0.039600 0.085000
0 0.917500 0.434400 0.049800 0.128900
0 0.970700 0.485700 0.051800 0.098200
0 0.950200 0.284600 0.049800 0.164800
0 0.982400 0.357100 0.034200 0.142900
