0 0.229700 0.628900 0.062000 0.123800
0 0.316700 0.312100 0.048300 0.162600
0 0.123800 0.382100 0.058100 0.173600
0 0.234900 0.401100 0.085000 0.232200
0 0.200200 0.283900 0.066400 0.239600
0 0.317600 0.486100 0.064000 0.167800
0 0.342300 0.552000 0.051800 0.182400
0 0.546900 0.526700 0.062500 0.159700
0 0.691400 0.502900 0.050800 0.113600
0 0.715600 0.420500 0.069800 0.096700
0 0.708300 0.344700 0.047400 0.076900
0 0.638700 0.212500 0.107400 0.104000
0 0.458000 0.528600 0.058600 0.144300
0 0.511700 0.422700 0.038100 0.090800
0 0.587600 0.401100 0.092300 0.131100
0 0.582300 0.315800 0.060100 0.087900
0 0.875000 0.493800 0.072300 0.112800
0 0.777800 0.364100 0.072300 0.211000
0 0.830300 0.366300 0.060100 0.120100
