0 0.068100 0.528200 0.082500 0.219800
0 0.112800 0.308400 0.101600 0.108400
0 0.199500 0.327100 0.073700 0.087200
0 0.225600 0.467400 0.077100 0.187500
0 0.364700 0.463000 0.067400 0.202200
0 0.288100 0.520500 0.085000 0.172200
0 0.484900 0.489000 0.073200 0.175100
0 0.552000 0.408100 0.039600 0.061500
0 0.688500 0.246500 0.059600 0.112100
0 0.712200 0.458600 0.115700 0.200700
0 0.785600 0.556800 0.046900 0.080600
0 0.901600 0.430000 0.085400 0.121600
0 0.942600 0.418700 0.113800 0.230800
0 0.958300 0.288300 0.082500 0.090100
0 0.804400 0.345400 0.074700 0.182400
0 0.838100 0.227500 0.077600 0.194100
0 0.041700 0.350500 0.042500 0.069600
