0 0.697500 0.518900 0.091300 0.131500
0 0.954800 0.451800 0.085400 0.152300
0 0.610400 0.460900 0.125000 0.183600
0 0.503200 0.372400 0.067900 0.139300
0 0.400400 0.452800 0.047900 0.117800
0 0.365000 0.429400 0.037600 0.112600
0 0.340300 0.459600 0.039100 0.058600
0 0.282000 0.547500 0.037600 0.044300
0 0.254200 0.501000 0.038600 0.073600
0 0.187700 0.441100 0.089400 0.171200
0 0.175000 0.562800 0.074700 0.163400
0 0.109400 0.404900 0.070300 0.214800
0 0.063200 0.391000 0.040500 0.069700
0 0.282700 0.344700 0.064500 0.134800
0 0.439900 0.305000 0.059600 0.111300
0 0.446500 0.393600 0.061000 0.099600
