0 0.050000 0.735200 0.069800 0.106200
0 0.043200 0.612800 0.048300 0.066700
0 0.353300 0.656000 0.106900 0.372900
0 0.099900 0.354600 0.110800 0.304800
0 0.190900 0.144000 0.056600 0.075500
0 0.146000 0.473300 0.120100 0.342900
0 0.218500 0.464100 0.065900 0.141400
0 0.291300 0.537400 0.090300 0.425600
0 0.529100 0.562300 0.076700 0.372900
0 0.479700 0.394500 0.149900 0.308400
0 0.607200 0.197800 0.069800 0.170000
0 0.856400 0.517200 0.089800 0.370700
0 0.938200 0.661900 0.066900 0.257100
0 0.966800 0.374000 0.065400 0.450500
