0 0.585400 0.756000 0.080100 0.152400
0 0.085200 0.810600 0.057100 0.200000
0 0.225100 0.434800 0.067400 0.207300
0 0.488300 0.653500 0.069300 0.112800
0 0.534900 0.718700 0.044400 0.071800
0 0.710700 0.738500 0.046400 0.146500
0 0.772200 0.656000 0.054200 0.144300
0 0.787800 0.747600 0.032700 0.109200
0 0.823700 0.679100 0.066400 0.221200
0 0.957500 0.871100 0.084000 0.256400
0 0.968500 0.657900 0.057100 0.137700
0 0.381100 0.665900 0.083500 0.131900
0 0.296600 0.562300 0.085400 0.268900
0 0.369100 0.549500 0.061500 0.111400
0 0.590300 0.518300 0.034200 0.071100
