0 0.955300 0.716800 0.072800 0.210300
0 0.706500 0.197400 0.060500 0.236600
0 0.755400 0.183200 0.043900 0.111400
0 0.803500 0.552400 0.092300 0.367800
0 0.737100 0.555300 0.061000 0.290100
0 0.861300 0.550900 0.068400 0.120100
0 0.895000 0.683200 0.063500 0.207300
0 0.430400 0.725600 0.074700 0.204400
0 0.366000 0.557100 0.073700 0.230800
0 0.321500 0.519000 0.046400 0.223400
0 0.160900 0.703700 0.079600 0.239600
0 0.027300 0.602600 0.053700 0.412500
0 0.071800 0.700700 0.042000 0.151600
0 0.099400 0.631500 0.085400 0.237400
0 0.988000 0.554900 0.022900 0.123800
0 0.405800 0.674700 0.051800 0.221200
0 0.401100 0.515000 0.036600 0.096700
