0 0.428700 0.859700 0.056600 0.200000
0 0.255100 0.433000 0.082500 0.109900
0 0.039800 0.726700 0.065900 0.303300
0 0.122100 0.667400 0.075200 0.274000
0 0.067600 0.503700 0.088400 0.198500
0 0.083700 0.653500 0.048300 0.098200
0 0.259500 0.731100 0.057100 0.114300
0 0.171400 0.523400 0.056600 0.222000
0 0.552200 0.481000 0.063500 0.216100
0 0.620400 0.604400 0.077600 0.269600
0 0.695100 0.751300 0.077600 0.217600
0 0.668700 0.605100 0.063000 0.142100
0 0.810800 0.647600 0.086400 0.197800
0 0.915000 0.797800 0.086900 0.152400
0 0.846700 0.766300 0.043000 0.052700
0 0.177000 0.698200 0.035600 0.083500
