0 0.633300 0.602600 0.144500 0.459300
0 0.507100 0.620500 0.087400 0.296000
0 0.371100 0.758200 0.086900 0.360400
0 0.038600 0.863400 0.076200 0.129700
0 0.173800 0.753800 0.090800 0.244700
0 0.021000 0.706600 0.041000 0.182400
0 0.303700 0.775500 0.061500 0.179500
0 0.242900 0.649800 0.072800 0.145100
0 0.672600 0.322300 0.179200 0.442500
0 0.517300 0.214300 0.093300 0.412500
0 0.251500 0.384600 0.125000 0.420500
0 0.110600 0.205900 0.090300 0.287200
0 0.893100 0.516500 0.098600 0.353100
0 0.980200 0.489400 0.038600 0.165600
0 0.981900 0.789700 0.035200 0.284200
0 0.940700 0.711400 0.088400 0.298900
0 0.424800 0.689400 0.056600 0.326700
