0 0.742400 0.656800 0.067900 0.115000
0 0.397500 0.768900 0.063500 0.286400
0 0.245400 0.526700 0.091300 0.238800
0 0.240200 0.244000 0.073200 0.342900
0 0.462400 0.487200 0.112300 0.383900
0 0.387200 0.365200 0.097700 0.270300
0 0.330600 0.473600 0.057600 0.258600
0 0.687700 0.552400 0.039600 0.121600
0 0.767100 0.422700 0.074200 0.285700
0 0.800800 0.311000 0.069300 0.185300
0 0.838400 0.401100 0.057600 0.117900
0 0.919400 0.476200 0.100600 0.392700
0 0.976800 0.417600 0.045400 0.372200
0 0.588400 0.539900 0.059600 0.221200
