0 0.058100 0.615400 0.115200 0.206600
0 0.081800 0.520900 0.062000 0.070300
0 0.065400 0.457900 0.065400 0.149500
0 0.264600 0.654200 0.081100 0.161200
0 0.434100 0.628600 0.075200 0.165600
0 0.638200 0.803700 0.078100 0.297400
0 0.710400 0.758600 0.127000 0.309900
0 0.668900 0.540300 0.066400 0.147300
0 0.585900 0.571100 0.062500 0.235200
0 0.966600 0.285000 0.065900 0.281300
0 0.982900 0.533000 0.032200 0.170700
0 0.943600 0.494100 0.067900 0.271800
0 0.166700 0.567800 0.051300 0.070300
0 0.276100 0.458200 0.067900 0.176600
0 0.498300 0.544700 0.051300 0.159000
0 0.548600 0.582100 0.048300 0.189700
0 0.797100 0.468500 0.043500 0.116500
0 0.827900 0.653100 0.088400 0.106200
0 0.795400 0.775100 0.042000 0.085000
0 0.233400 0.586100 0.051800 0.142100
0 0.847200 0.515800 0.100600 0.167000
